Spine1,-1,3.87000,1.00000,-0.127000,3.95812e-09,0.00000,0.00000,0.00000,0.00000,false,false,false,0.00000,0.00000,0.00000,0.00000,0.00000,0.00000
Spine2,0,4.10000,1.00000,0.232000,0.00000,0.00000,0.00000,0.00000,0.00000,false,false,false,0.00000,0.00000,0.00000,0.00000,0.00000,0.00000
Neck,1,1.97000,1.00000,0.381000,0.00000,0.00000,0.00000,0.00000,0.00000,false,false,false,0.00000,0.00000,0.00000,0.00000,0.00000,0.00000
Head,2,1.39000,1.00000,-0.506000,0.00000,0.00000,0.00000,0.00000,0.00000,false,false,false,0.00000,0.00000,0.00000,0.00000,0.00000,0.00000
LShoulder,1,2.90000,1.00000,-0.285000,1.79900,0.00000,0.00000,0.00000,0.00000,false,false,false,0.00000,0.00000,0.00000,0.00000,0.00000,0.00000
LUpper,4,4.39000,1.00000,0.0350000,1.11000,0.00000,0.00000,0.00000,0.00000,false,false,false,0.00000,0.00000,0.00000,0.00000,0.00000,0.00000
LLower,5,4.14000,1.00000,0.441000,0.146000,0.00000,0.00000,0.00000,0.00000,false,false,false,0.00000,0.00000,0.00000,0.00000,0.00000,0.00000
LHand,6,1.59000,1.00000,0.239000,0.00000,0.00000,0.00000,0.00000,0.00000,false,false,false,0.00000,0.00000,0.00000,0.00000,0.00000,0.00000
RShoulder,1,2.90000,1.00000,-0.285000,-1.79900,0.00000,0.00000,0.00000,0.00000,false,false,false,0.00000,0.00000,0.00000,0.00000,0.00000,0.00000
RUpper,8,4.39000,1.00000,0.0350000,-1.11000,0.00000,0.00000,0.00000,0.00000,false,false,false,0.00000,0.00000,0.00000,0.00000,0.00000,0.00000
RLower,9,4.14000,1.00000,0.441000,-0.146000,0.00000,0.00000,0.00000,0.00000,false,false,false,0.00000,0.00000,0.00000,0.00000,0.00000,0.00000
RHand,10,1.59000,1.00000,0.239000,0.00000,0.00000,0.00000,0.00000,0.00000,false,false,false,0.00000,0.00000,0.00000,0.00000,0.00000,0.00000
LHip,-1,2.36000,1.00000,0.332000,2.07900,0.00000,0.00000,0.00000,0.00000,false,false,false,0.00000,0.00000,0.00000,0.00000,0.00000,0.00000
LThigh,12,5.27000,1.00000,-0.533000,0.953000,0.579000,0.00000,0.00000,0.00000,false,false,false,0.00000,0.00000,0.00000,0.00000,0.00000,0.00000
LShin,13,5.00000,1.00000,-0.441000,0.0550000,0.00000,0.00000,0.00000,0.00000,false,false,false,0.00000,0.00000,0.00000,0.00000,0.00000,0.00000
LFoot,14,2.22000,1.00000,1.56700,0.00000,0.00000,0.00000,0.00000,0.00000,false,false,false,0.00000,0.00000,0.00000,0.00000,0.00000,0.00000
RHip,-1,2.36000,1.00000,0.332000,-2.07900,0.00000,0.00000,0.00000,0.00000,false,false,false,0.00000,0.00000,0.00000,0.00000,0.00000,0.00000
RThigh,16,5.27000,1.00000,-0.533000,-0.953000,-0.579000,0.00000,0.00000,0.00000,false,false,false,0.00000,0.00000,0.00000,0.00000,0.00000,0.00000
RShin,17,5.00000,1.00000,-0.441000,-0.0550000,0.00000,0.00000,0.00000,0.00000,false,false,false,0.00000,0.00000,0.00000,0.00000,0.00000,0.00000
RFoot,18,2.22000,1.00000,1.56700,0.00000,0.00000,0.00000,0.00000,0.00000,false,false,false,0.00000,0.00000,0.00000,0.00000,0.00000,0.00000
