Spine1,-1,3.87000,1.00000,-0.135382,0.0150662,-0.0406020,0.00000,0.00000,0.00000,false,false,false,0.00000,0.00000,0.00000,0.00000,0.00000,0.00000
Spine2,0,4.10000,1.00000,0.247039,-0.0412218,-0.0425385,0.00000,0.00000,0.00000,false,false,false,0.00000,0.00000,0.00000,0.00000,0.00000,0.00000
Neck,1,1.97000,1.00000,0.381000,0.00000,0.00000,0.00000,0.00000,0.00000,false,false,false,0.00000,0.00000,0.00000,0.00000,0.00000,0.00000
Head,2,1.39000,1.00000,-0.506000,0.00000,0.00000,0.00000,0.00000,0.00000,false,false,false,0.00000,0.00000,0.00000,0.00000,0.00000,0.00000
LShoulder,1,2.90000,1.00000,-0.364008,1.70112,-0.0555535,0.00000,0.00000,0.00000,false,false,false,0.00000,0.00000,0.00000,0.00000,0.00000,0.00000
LUpper,4,4.39000,1.00000,-0.0246290,1.22001,-0.0693321,0.00000,0.00000,0.00000,false,false,false,0.00000,0.00000,0.00000,0.00000,0.00000,0.00000
LLower,5,4.14000,1.00000,0.524947,0.244409,-0.0400429,0.00000,0.00000,0.00000,false,false,false,0.00000,0.00000,0.00000,0.00000,0.00000,0.00000
LHand,6,1.59000,1.00000,0.289072,0.0324688,-0.00774414,0.00000,0.00000,0.00000,false,false,false,0.00000,0.00000,0.00000,0.00000,0.00000,0.00000
RShoulder,1,2.90000,1.00000,-0.283820,-1.72792,0.0110923,0.00000,0.00000,0.00000,false,false,false,0.00000,0.00000,0.00000,0.00000,0.00000,0.00000
RUpper,8,4.39000,1.00000,0.105999,-1.16397,-0.0565375,0.00000,0.00000,0.00000,false,false,false,0.00000,0.00000,0.00000,0.00000,0.00000,0.00000
RLower,9,4.14000,1.00000,0.545263,-0.191703,0.0131541,0.00000,0.00000,0.00000,false,false,false,0.00000,0.00000,0.00000,0.00000,0.00000,0.00000
RHand,10,1.59000,1.00000,0.280680,-0.0150684,0.00392399,0.00000,0.00000,0.00000,false,false,false,0.00000,0.00000,0.00000,0.00000,0.00000,0.00000
LHip,-1,2.36000,1.00000,0.422622,2.07339,0.0207253,0.00000,0.00000,0.00000,false,false,false,0.00000,0.00000,0.00000,0.00000,0.00000,0.00000
LThigh,12,5.27000,1.00000,-0.385730,0.910841,0.691218,0.00000,0.00000,0.00000,false,false,false,0.00000,0.00000,0.00000,0.00000,0.00000,0.00000
LShin,13,5.00000,1.00000,-0.369285,0.0304205,0.00491851,0.00000,0.00000,0.00000,false,false,false,0.00000,0.00000,0.00000,0.00000,0.00000,0.00000
LFoot,14,2.22000,1.00000,1.52368,-9.22491e-05,0.00993624,0.00000,0.00000,0.00000,false,false,false,0.00000,0.00000,0.00000,0.00000,0.00000,0.00000
RHip,-1,2.36000,1.00000,0.212714,-2.09136,0.0308011,0.00000,0.00000,0.00000,false,false,false,0.00000,0.00000,0.00000,0.00000,0.00000,0.00000
RThigh,16,5.27000,1.00000,-0.706629,-0.960868,-0.437861,0.00000,0.00000,0.00000,false,false,false,0.00000,0.00000,0.00000,0.00000,0.00000,0.00000
RShin,17,5.00000,1.00000,-0.529737,-0.0590285,0.00446134,0.00000,0.00000,0.00000,false,false,false,0.00000,0.00000,0.00000,0.00000,0.00000,0.00000
RFoot,18,2.22000,1.00000,1.55392,-2.48714e-05,0.00163708,0.00000,0.00000,0.00000,false,false,false,0.00000,0.00000,0.00000,0.00000,0.00000,0.00000
